6.9531171940985917e-310 1 -6.2578054746887325e-309 5 
0.01 0.99955003374898754 -0.089986500607486974 4.999000033332889 
0.02 0.99820053993520419 -0.17989201943833377 4.9960005333048896 
0.029999999999999999 0.99595273301199427 -0.26963564759403313 4.9910026996760211 
0.040000000000000001 0.99280863585386625 -0.3591366218667581 4.9840085315130969 
0.050000000000000003 0.98877107793604224 -0.44831439742079771 4.9750208263901285 
0.060000000000000005 0.98384369278812145 -0.53708872027747256 4.9640431792693311 
0.070000000000000007 0.97803091472414827 -0.62537969953829875 4.9510799810631854 
0.080000000000000002 0.97133797485202966 -0.71310787928140373 4.936136416878135 
0.089999999999999997 0.96377089636589053 -0.80019431006649344 4.9192184639406076 
0.099999999999999992 0.95533648912560598 -0.88656061998401858 4.9003328892062079 
0.10999999999999999 0.94604234352838701 -0.97212908518460495 4.8794872466530279 
0.11999999999999998 0.93589682367793492 -1.0568226998252697 4.8566898742601481 
0.12999999999999998 0.92490905985731309 -1.1405652453694839 4.8319498906725658 
0.13999999999999999 0.91308894031230836 -1.2232813591787104 4.8052771915538548 
0.14999999999999999 0.900447102352677 -1.3048966023336905 4.7766824456280297 
0.16 0.88699492277928416 -1.3853375266244488 4.7461770904122043 
0.17000000000000001 0.87274450764575129 -1.4645317406487226 4.7137733276417313 
0.18000000000000002 0.85770868136382417 -1.5424079749593396 4.6794841183896736 
0.19000000000000003 0.84190097516226869 -1.6188961462019078 4.643323177882551 
0.20000000000000004 0.82533561490967822 -1.6939274201851064 4.6053049700144255 
0.21000000000000005 0.80802750831215175 -1.767434273826809 4.5654447015615416 
0.22000000000000006 0.78999223149736497 -1.8393505559203018 4.5237583160998165 
0.23000000000000007 0.77124601499710654 -1.9096115466659043 4.480262487627626 
0.24000000000000007 0.75180572914089483 -1.97815401591442 4.4349746138964203 
0.25000000000000006 0.73168886887382079 -2.0449162800700029 4.3879128094518629 
0.26000000000000006 0.71091353801227719 -2.1098382576012309 4.3390958983882486 
0.27000000000000007 0.68949843295174684 -2.172861523110428 4.2885434068191204 
0.28000000000000008 0.66746282584130789 -2.2339293599125782 4.2362755550670803 
0.29000000000000009 0.64482654724000099 -2.2929868110765161 4.1823132495759339 
0.3000000000000001 0.62160996827066417 -2.3499807288824508 4.1266780745483906 
0.31000000000000011 0.597833982287298 -2.404859822651332 4.069392283312669 
0.32000000000000012 0.57351998607245636 -2.4575747049029957 4.0104787894214624 
0.33000000000000013 0.54868986058158731 -2.5080779358015621 3.949961157486825 
0.34000000000000014 0.5233659512516492 -2.5563240658480892 3.8878635937546391 
0.35000000000000014 0.49757104789172663 -2.6022696767820515 3.8242109364224413 
0.36000000000000015 0.47132836417373958 -2.6458734206548433 3.7590286457044741 
0.37000000000000016 0.44466151674170634 -2.6870960570401436 3.692342793647938 
0.38000000000000017 0.41759450395835757 -2.7259004883476505 3.6241800537045243 
0.39000000000000018 0.39015168430822966 -2.7622517932084074 3.5545676900613854 
0.40000000000000019 0.36235775447667301 -2.7961172579016793 3.4835335467358259 
0.4100000000000002 0.334237727124502 -2.8274664057950929 3.4111060364380661 
0.42000000000000021 0.30581690837828868 -2.8562710247715479 3.3373141292065394 
0.43000000000000022 0.27712087505655697 -2.8825051926182188 3.2621873408202577 
0.44000000000000022 0.24817545165237226 -2.9061453003547966 3.1857557209928995 
0.45000000000000023 0.21900668709304083 -2.9271700734799775 3.1080498413533206 
0.46000000000000024 0.1896408312978336 -2.9455605911170797 3.029100783217312 
0.47000000000000025 0.16010431155483038 -2.9613003030415515 2.948940125155489 
0.48000000000000026 0.13042370873814466 -2.9743750445750594 2.8675999303622812 
0.49000000000000027 0.10062573338693084 -2.9847730493327429 2.7851127338310846 
0.50000000000000022 0.07073720166770224 -2.9924849598121632 2.701511529340697 
0.51000000000000023 0.040785011241590369 -2.9975038358144279 2.6168297562582459 
0.52000000000000024 0.010796117058266726 -2.9998251606898991 2.5311012861638904 
0.53000000000000025 -0.019202492901693312 -2.9994468454028724 2.4443604093026359 
0.54000000000000026 -0.049183821914171214 -2.9963692304115721 2.3566418208686981 
0.55000000000000027 -0.079120888806734749 -2.9905950853617562 2.2679806071278845 
0.56000000000000028 -0.108986752239872 -2.9821296065942278 2.1784122313835583 
0.57000000000000028 -0.13875453495237844 -2.9709804124684736 2.087972519791788 
0.58000000000000029 -0.16839744794907788 -2.95715753650666 1.9966976470313629 
0.5900000000000003 -0.1978888146091099 -2.9406734183641356 1.904624121834406 
0.60000000000000031 -0.22720209469308797 -2.9215428926345846 1.811788772383365 
0.61000000000000032 -0.25631090822752356 -2.8997831754998922 1.7182287315802323 
0.62000000000000033 -0.28518905924502169 -2.8754138492367418 1.6239814221938782 
0.63000000000000034 -0.3138105593588833 -2.8484568445938905 1.5290845418914434 
0.64000000000000035 -0.34214965115089924 -2.818936421055974 1.4335760481597744 
0.65000000000000036 -0.37018083135128793 -2.7868791450116066 1.3374941431229337 
0.66000000000000036 -0.39787887378991699 -2.7523138658454283 1.2408772582618612 
0.67000000000000037 -0.42521885209815341 -2.7152716899756015 1.1437640390422938 
0.68000000000000038 -0.45217616214091277 -2.6757859528601378 1.0461933294570929 
0.69000000000000039 -0.47872654415872101 -2.6338921889972324 0.948204156489168 
0.7000000000000004 -0.50484610459985868 -2.5896280999466192 0.84983571450120077 
0.71000000000000041 -0.53051133762294589 -2.5430335204007077 0.75112734955842475 
0.72000000000000042 -0.55569914625061345 -2.494150382336048 0.65211854369072331 
0.73000000000000043 -0.58038686315522292 -2.4430226772773858 0.55284889910034352 
0.74000000000000044 -0.60455227105793075 -2.3896964167082571 0.45335812232154388 
0.75000000000000044 -0.62817362272274013 -2.3342195906637615 0.35368600833851011 
0.76000000000000045 -0.65122966052754649 -2.2766421245427635 0.25387242466789145 
0.77000000000000046 -0.67369963559456192 -2.2170158341784099 0.15395729541232617 
0.78000000000000047 -0.69556332646290331 -2.1553943792073751 0.053980585291332518 
0.79000000000000048 -0.71680105728654375 -2.0918332147798102 -0.046017716344046125 
0.80000000000000049 -0.73739371554124633 -2.0263895416534501 -0.14599761150644849 
0.8100000000000005 -0.75732276922454467 -1.959122254716791 -0.24591910957085716 
0.82000000000000051 -0.77657028353329416 -1.8900918899876726 -0.34574224327031527 
0.83000000000000052 -0.79511893700378511 -1.8193605701349411 -0.44542708468230041 
0.84000000000000052 -0.81295203709989083 -1.7469919485722423 -0.5449337611993611 
0.85000000000000053 -0.83005353523522307 -1.6730511521742466 -0.64422247147762879 
0.86000000000000054 -0.84640804121577651 -1.5976047226668588 -0.74325350135682366 
0.87000000000000055 -0.86200083709006436 -1.520720556744156 -0.84198723974539047 
0.88000000000000056 -0.87681789039428204 -1.4424678449659412 -0.94038419446440602 
0.89000000000000057 -0.8908458667805772 -1.3629170094909147 -1.0384050080439247 
0.90000000000000058 -0.90407214201706199 -1.2821396407014845 -1.136010473465441 
0.91000000000000059 -0.91648481334876997 -1.2002084327772538 -1.2331615498441755 
0.9200000000000006 -0.92807271020933324 -1.1171971182751621 -1.3298193780449072 
0.9300000000000006 -0.93882540427373684 -1.0331804017751649 -1.4259452962251096 
0.94000000000000061 -0.9487332188431078 -0.9482338926511551 -1.5215008552991724 
0.95000000000000062 -0.95778723755309081 -0.862434037027628 -1.616447834317523 
0.96000000000000063 -0.96597931239797519 -0.77585804898332733 -1.7107482557544971 
0.97000000000000064 -0.97330207106334898 -0.68858384106378745 -1.8043644006988422 
0.98000000000000065 -0.97974892356068466 -0.60068995416530502 -1.8972588239407786 
0.99000000000000066 -0.98531406815788403 -0.5122554868534307 -1.9893943689495861 
1.0000000000000007 -0.98999249660044575 -0.42336002417959639 -2.0807341827357182 
1.0100000000000007 -0.99377999861855582 -0.33408356605994349 -2.1712417305915084 
1.0200000000000007 -0.9966731657160468 -0.24450645528080073 -2.2608808107045659 
1.0300000000000007 -0.99866939423781365 -0.15470930519559725 -2.3496155686380167 
1.0400000000000007 -0.99976688771292843 -0.064772927178282549 -2.4374105116718026 
1.0500000000000007 -0.99996465847134197 0.025221742101452511 -2.5242305229992934 
1.0600000000000007 -0.9992625285327208 0.11519371351571278 -2.6100408757735423 
1.0700000000000007 -0.99766112976661747 0.20506201836314999 -2.6948072469975632 
1.0800000000000007 -0.99516190332383014 0.29474578123533135 -2.7784957312530691 
1.0900000000000007 -0.99176709833946464 0.38416429279914566 -2.8610728542621895 
1.1000000000000008 -0.98747976990886444 0.47323708242975254 -2.9425055862767344 
1.1100000000000008 -0.98230377633823129 0.56188399062871608 -3.0227613552896537 
1.1200000000000008 -0.97624377567240939 0.65002524116214544 -3.1018080600634041 
1.1300000000000008 -0.96930522150296028 0.7375815128539176 -3.1796140829700188 
1.1400000000000008 -0.96149435806029815 0.82447401096937978 -3.256148302637734 
1.1500000000000008 -0.95281821459430405 0.91062453812529431 -3.3313801063991266 
1.1600000000000008 -0.94328459904847506 0.99595556466220858 -3.4052794025357684 
1.1700000000000008 -0.93290209103330268 1.0803902984159119 -3.4778166323145165 
1.1800000000000008 -0.92168003410520227 1.1638527538251981 -3.5489627818106086 
1.1900000000000008 -0.90962852735794342 1.2462678203137449 -3.6186893935128497 
1.2000000000000008 -0.89675841633414599 1.3275613298845634 -3.6869685777062333 
1.2100000000000009 -0.88308128326502477 1.4076601238661883 -3.7537730236274602 
1.2200000000000009 -0.8686094366471635 1.4864921187505418 -3.8190760103888759 
1.2300000000000009 -0.85335590016569807 1.5639863710632265 -3.8828514176664708 
1.2400000000000009 -0.83733440097387879 1.6400731412078673 -3.9450737361476613 
1.2500000000000009 -0.8205593573395592 1.714683956227038 -4.0057180777346737 
1.2600000000000009 -0.80304586566972902 1.787751671423299 -4.0647601854994555 
1.2700000000000009 -0.78480968692476616 1.8592105307848961 -4.1221764433861168 
1.2800000000000009 -0.76586723243463561 1.9289962261617326 -4.1779438856570428 
1.2900000000000009 -0.74623554912980106 1.9970459551383635 -4.2320402060788824 
1.3000000000000009 -0.72593230420013799 2.0632984775519279 -4.284443766844741 
1.3100000000000009 -0.70497576919565585 2.1276941706041641 -4.3351336072290172 
1.320000000000001 -0.68338480358333431 2.1901750825179045 -4.3840894519714109 
1.330000000000001 -0.66117883777487796 2.2506849846897623 -4.4312917193867642 
1.340000000000001 -0.63837785564065685 2.3091694222920784 -4.476721529197464 
1.350000000000001 -0.61500237652557233 2.3655757632785899 -4.5203607100853098 
1.360000000000001 -0.59107343678302926 2.4198532457497262 -4.5621918069597935 
1.370000000000001 -0.56661257084364147 2.4719530236348817 -4.6021980879399074 
1.380000000000001 -0.54164179183569561 2.5218282106505892 -4.6403635510466668 
1.390000000000001 -0.51618357177482177 2.5694339224950089 -4.6766729306036972 
1.400000000000001 -0.49026082134069715 2.6147273172407681 -4.7111117033432945 
1.410000000000001 -0.46389686925897777 2.6576676338898118 -4.7436660942155386 
1.420000000000001 -0.43711544130702462 2.6982162290555376 -4.7743230818981353 
1.430000000000001 -0.40994063896230315 2.7363366117392443 -4.8030704040047647 
1.4400000000000011 -0.38239691771267781 2.7719944761695672 -4.8298965619898766 
1.4500000000000011 -0.35450906504812862 2.805157732675351 -4.8547908257479548 
1.4600000000000011 -0.32630217815368018 2.8357965365641937 -4.877743237905416 
1.4700000000000011 -0.29780164132362963 2.8638833149806522 -4.8987446178034233 
1.4800000000000011 -0.26903310311739648 2.8893927917199518 -4.9177865651700339 
1.4900000000000011 -0.24002245327754648 2.9123020099748671 -4.9348614634801899 
1.5000000000000011 -0.21079579943077625 2.9325903529952932 -4.9499624830022286 
1.5100000000000011 -0.18137944359280878 2.9502395626419338 -4.9630835835296869 
1.5200000000000011 -0.15179985849835206 2.9652337558173931 -4.9742195167972989 
1.5300000000000011 -0.12208366377742989 2.9775594387598909 -4.9833658285802338 
1.5400000000000011 -0.092257601999508124 2.987205519186737 -4.9905188604757287 
1.5500000000000012 -0.062348514606988106 2.994163316276639 -4.9956757513663979 
1.5600000000000012 -0.032383317759721177 2.9984265684818525 -4.9988344385646419 
1.5700000000000012 -0.0023889781122779859 2.9999914391631539 -4.9999936586376972 
1.5800000000000012 0.027607511454215073 2.9988565200425561 -4.9991529479129913 
1.5900000000000012 0.057579156123849576 2.9950228324706618 -4.9963126426636038 
1.6000000000000012 0.087498983439449937 2.9884938265075212 -4.991473878973764 
1.6100000000000012 0.117340067575959 2.9792753778178049 -4.9846385922844334 
1.6200000000000012 0.14707555357186661 2.9673757823831077 -4.9758095166191509 
1.6300000000000012 0.17667868149686161 2.9528057490361226 -4.9649901834904622 
1.6400000000000012 0.20612281053396181 2.9355783898234131 -4.9521849204873636 
1.6500000000000012 0.23538144295445462 2.9157092082054596 -4.937398849544322 
1.6600000000000013 0.26442824796405923 2.8932160851045889 -4.92063788489257 
1.6700000000000013 0.29323708539886656 2.8681192628133512 -4.9019087306944913 
1.6800000000000013 0.32178202924972521 2.8404413267778232 -4.8812188783620467 
1.6900000000000013 0.35003739099389453 2.8102071852722332 -4.8585766035603069 
1.7000000000000013 0.37797774271298434 2.777444046983192 -4.8339909628973015 
1.7100000000000013 0.40557793997636477 2.7421813965237152 -4.8074717903014905 
1.7200000000000013 0.43281314446945529 2.70445096789906 -4.7790296930883276 
1.7300000000000013 0.45965884634653498 2.6642867159482582 -4.7486760477174768 
1.7400000000000013 0.486090886287944 2.6217247857870607 -4.7164229952423744 
1.7500000000000013 0.51208547724184372 2.5768034802797706 -4.6822834364539769 
1.7600000000000013 0.53761922583095922 2.5295632255692446 -4.6462710267206111 
1.7700000000000014 0.56266915340503598 2.4800465346961014 -4.6084001705260116 
1.7800000000000014 0.58721271672007669 2.4282979693398508 -4.5686860157077183 
1.7900000000000014 0.61122782822573862 2.3743640997163897 -4.5271444473981424 
1.8000000000000014 0.63469287594263735 2.3182934626679548 -4.4837920816707291 
1.8100000000000014 0.6575867429116723 2.2601365179832307 -4.4386462588937441 
1.8200000000000014 0.67988882619786029 2.1999456029869604 -4.3917250367943632 
1.8300000000000014 0.70157905543158861 2.1377748854398773 -4.343047183235818 
1.8400000000000014 0.7226379108705947 2.0736803147913716 -4.2926321687105009 
1.8500000000000014 0.74304644096641281 2.0077195718287761 -4.2405001585520328 
1.8600000000000014 0.7627862794194914 1.9399520167685402 -4.1866720048693926 
1.8700000000000014 0.78183966170762165 1.8704386358360452 -4.1311692382063541 
1.8800000000000014 0.80018944107280832 1.7992419863821203 -4.0740140589295537 
1.8900000000000015 0.81781910395219704 1.7264261405856405 -4.0152293283486449 
1.9000000000000015 0.83471278483916223 1.6520566277929016 -3.9548385595720745 
1.9100000000000015 0.85085528056119442 1.5762003755456284 -3.8928659081021526 
1.9200000000000015 0.86623206396173047 1.4989256493506957 -3.8293361621731767 
1.9300000000000015 0.88082929697361112 1.4203019912457933 -3.7642747328364665 
1.9400000000000015 0.89463384307240945 1.340400157216278 -3.6977076437962819 
1.9500000000000015 0.9076332790984154 1.2592920535195646 -3.6296615210006902 
1.9600000000000015 0.9198159064366408 1.1770506719743492 -3.56016358199154 
1.9700000000000015 0.93117076154478473 1.0937500242728917 -3.489241625017808 
1.9800000000000015 0.94168762581967913 1.0094650753755001 -3.4169240179166698 
1.9900000000000015 0.95135703479334333 0.92427167604712168 -3.3432396867667453 
2.0000000000000013 0.96017028665036697 0.83824649459676726 -3.2682181043180498 
2.0100000000000011 0.96811945005895539 0.75146694788121693 -3.1918892782032877 
2.0200000000000009 0.9751973713085933 0.66401113163507075 -3.1142837389352005 
2.0300000000000007 0.98139768074790124 0.57595775018985984 -3.0354325276947689 
2.0400000000000005 0.98671479851689226 0.4873860456454599 -2.9553671839151536 
2.0500000000000003 0.99114393956846902 0.39837572655755021 -2.8741197326663426 
2.0600000000000001 0.99468111797464298 0.30900689620529354 -2.7917226718455508 
2.0699999999999998 0.9973231505136011 0.21935998050379196 -2.708208959178493 
2.0799999999999996 0.99906765953439014 0.12951565562619138 -2.6236119990367355 
2.0899999999999994 0.99991307509664229 0.03955477540057175 -2.5379656290763903 
2.0999999999999992 0.99985863638341521 -0.050441701453041145 -2.4513041067035051 
2.109999999999999 0.99890439238587636 -0.14039278418005902 -2.363662095371557 
2.1199999999999988 0.99705120185921403 -0.23021752287754343 -2.2750746507165354 
2.1299999999999986 0.99430073254981555 -0.31983508134365474 -2.1855772065351511 
2.1399999999999983 0.99065545969440827 -0.4091648098247771 -2.0952055606117939 
2.1499999999999981 0.98611866379251356 -0.49812631759485326 -2.0039958603998933 
2.1599999999999979 0.98069442765421855 -0.58663954530161178 -1.9119845885634219 
2.1699999999999977 0.97438763272592288 -0.67462483701458043 -1.8192085483843126 
2.1799999999999975 0.96720395469736586 -0.76200301191004638 -1.7257048490416405 
2.1899999999999973 0.95914985839388978 -0.84869543552845339 -1.6315108907684428 
2.1999999999999971 0.95023259195853238 -0.9346240905401082 -1.5366643498921262 
2.2099999999999969 0.9404601803291881 -1.0197116469555105 -1.4412031637644376 
2.2199999999999966 0.92984141801670528 -1.1038815317171242 -1.3451655155870292 
2.2299999999999964 0.91838586119042032 -1.1870579976099607 -1.2485898191386875 
2.2399999999999962 0.90610381907824999 -1.2691661914289591 -1.1515147034103324 
2.249999999999996 0.89300634468908224 -1.3501322213418194 -1.0539789971539375 
2.2599999999999958 0.87910522486581433 -1.4298832233866634 -0.9560217133515474 
2.2699999999999956 0.86441296967798964 -1.5083474270446813 -0.85768203361060269 
2.2799999999999954 0.8489428011635799 -1.585454219828756 -0.75899929249182185 
2.2899999999999952 0.83270864143004297 -1.6611342108299345 -0.66001296177589985 
2.2999999999999949 0.81572510012536614 -1.7353192931645613 -0.56076263467532284 
2.3099999999999947 0.79800746129036892 -1.8079427052658787 -0.46128800999761133 
2.3199999999999945 0.77957166960409807 -1.8789390909649284 -0.36162887626632556 
2.3299999999999943 0.76043431603469269 -1.9482445583066932 -0.26182509580618735 
2.3399999999999941 0.7406126229086325 -2.0157967370485448 -0.16191658879868134 
2.3499999999999939 0.72012442841180702 -2.0815348347892506 -0.061943317314514967 
2.3599999999999937 0.69898817053635165 -2.1453996916780329 0.038054730670677342 
2.3699999999999934 0.67722287048769969 -2.2073338336544395 0.13803755727099101 
2.3799999999999932 0.65484811556678113 -2.2672815241711208 0.23796517068887252 
2.389999999999993 0.63188404154277422 -2.3251888143529604 0.33779760121130514 
2.3999999999999928 0.6083513145322722 -2.3810035915474188 0.43749491719716121 
2.4099999999999926 0.58427111240117291 -2.4346756262224059 0.53701724104932613 
2.4199999999999924 0.55966510570602956 -2.4861566171694669 0.63632476516520586 
2.4299999999999922 0.53455543819201223 -2.5354002349716134 0.73537776785923648 
2.439999999999992 0.50896470686503159 -2.5823621636966667 0.83413662925102972 
2.4499999999999917 0.48291594165595964 -2.6270001407786108 0.93256184711279588 
2.4599999999999915 0.45643258469524545 -2.6692739950510438 1.0306140526697092 
2.4699999999999913 0.42953846921658079 -2.7091456828985203 1.1282540263468919 
2.4799999999999911 0.40225779810859807 -2.7465793224932358 1.2254427134567225 
2.4899999999999909 0.37461512213390447 -2.78154122608625 1.3221412398201891 
2.4999999999999907 0.34663531783505247 -2.8139999303241869 1.4183109273160419 
2.5099999999999905 0.31834356514733103 -2.8439262245641297 1.5139133093515289 
2.5199999999999902 0.28976532473852301 -2.8712931771612258 1.6089101462485167 
2.52999999999999 0.26092631509602293 -2.8960761597053519 1.7032634405388545 
2.5399999999999898 0.23185248938193437 -2.9182528691850198 1.7969354521628533 
2.5499999999999896 0.20257001207697564 -2.9378033480585808 1.8898887135648068 
2.5599999999999894 0.17310523543421324 -2.9547100022146657 1.9820860446795143 
2.5699999999999892 0.14348467576381294 -2.9689576168056999 2.073490567803812 
2.579999999999989 0.11373498957015024 -2.9805333699402361 2.1640657223471607 
2.5899999999999888 0.08388294956275591 -2.9894268442217933 2.2537752794553949 
2.5999999999999885 0.053955420562684341 -2.9956300361238091 2.3425833565017835 
2.6099999999999883 0.023979335325987984 -2.9991373631922755 2.4304544314395997 
2.6199999999999881 -0.0060183296939451819 -2.9999456690695672 2.5173533570104674 
2.6299999999999879 -0.036010578623378864 -2.998054226334955 2.6032453748027944 
2.6399999999999877 -0.06597042046269265 -2.9934647371592304 2.6880961291546761 
2.6499999999999875 -0.095870893376459806 -2.9861813317728707 2.7718716808956998 
2.6599999999999873 -0.12568508895727931 -2.9762105647491084 2.8545385209221621 
2.6699999999999871 -0.15538617644152627 -2.9635614091052584 2.9360635836002613 
2.6799999999999868 -0.18494742685522811 -2.9482452482276083 3.016414259991913 
2.6899999999999866 -0.21434223706833708 -2.930275865627137 3.0955584108978886 
2.6999999999999864 -0.2435441537357515 -2.909669432535289 3.1734643797130668 
2.7099999999999862 -0.27252689710354094 -2.8864444933509539 3.2501010050886538 
2.719999999999986 -0.30126438465895089 -2.8606219489517613 3.3254376333963083 
2.7299999999999858 -0.3297307546029038 -2.8322250378847009 3.3994441309891812 
2.7399999999999856 -0.35790038912387229 -2.8012793154529998 3.4720908962549757 
2.7499999999999853 -0.38574793745218083 -2.7678126307180726 3.5433488714561969 
2.7599999999999851 -0.41324833867398708 -2.7318551014372461 3.6131895543528572 
2.7699999999999849 -0.44037684428441282 -2.6934390869598142 3.6815850096029945 
2.7799999999999847 -0.46710904045952784 -2.6525991591058031 3.7485078799364357 
2.7899999999999845 -0.49342087002714363 -2.6093720710536683 3.8139313970973419 
2.7999999999999843 -0.5192886541166446 -2.5637967242649164 3.87782939255115 
2.8099999999999841 -0.54468911346837323 -2.5159141334754134 3.9401763079516394 
2.8199999999999839 -0.5695993893833925 -2.4657673897848915 4.000947205363933 
2.8299999999999836 -0.59399706429477206 -2.4134016218778696 4.0601177772393315 
2.8399999999999834 -0.61786018194188541 -2.3588639554108797 4.1176643561380164 
2.8499999999999832 -0.64116726712956229 -2.3022034706025609 4.1735639241957063 
2.859999999999983 -0.66389734505431475 -2.2434711580647724 4.2277941223304945 
2.8699999999999828 -0.68602996018024465 -2.1827198729144852 4.2803332591861869 
2.8799999999999826 -0.70754519464764565 -2.1200042872077471 4.3311603198085544 
2.8899999999999824 -0.72842368619773157 -2.0553808407385183 4.3802549740510335 
2.8999999999999821 -0.74864664559736338 -1.9889076902466696 4.4275975847065121 
2.9099999999999819 -0.76819587354809016 -1.9206446570808406 4.4731692153619562 
2.9199999999999817 -0.78705377706428958 -1.8506531733632641 4.5169516379727161 
2.9299999999999815 -0.80520338530566737 -1.7789962267050026 4.558927340153506 
2.9399999999999813 -0.82262836484986812 -1.7057383035213491 4.5990795321831222 
2.9499999999999811 -0.83931303439145277 -1.6309453309984083 4.6373921537201079 
2.9599999999999809 -0.85524237885401555 -1.5546846177630762 4.673849880226677 
2.9699999999999807 -0.87040206290273836 -1.4770247933098206 4.7084381290983224 
2.9799999999999804 -0.88477844384522542 -1.3980357462387691 4.7411430654966669 
2.9899999999999802 -0.89835858390900514 -1.3177885613606846 4.7719516078832109 
2.99999999999998 -0.91113026188465207 -1.2363554557254348 4.8008514332517747 
3.0099999999999798 -0.92308198412405051 -1.153809713631522 4.8278309820575362 
3.0199999999999796 -0.93420299488390213 -1.0702256206751601 4.852879462840697 
3.0299999999999794 -0.94448328600516862 -0.98567839689825276 4.8759868565429185 
3.0399999999999792 -0.95391360591973984 -0.90024412909543294 4.8971439205148135 
3.049999999999979 -0.96248546797621992 -0.81399970234108299 4.9163421922128849 
3.0599999999999787 -0.97019115807734169 -0.72702273079795743 4.9335739925844262 
3.0699999999999785 -0.97702374162213235 -0.63939148786967603 4.9488324291390429 
3.0799999999999783 -0.98297706974658738 -0.5511848357599427 4.9621113987055567 
3.0899999999999781 -0.98804578485723205 -0.46248215450188579 4.9734055898731926 
3.0999999999999779 -0.99222532545259512 -0.37336327052138601 4.9827104851160691 
3.1099999999999777 -0.99551193022825102 -0.28390838479868175 4.9900223626001532 
3.1199999999999775 -0.99790264146174101 -0.19419800069289972 4.9953382976719416 
3.1299999999999772 -0.99939530767432305 -0.10431285149446595 4.9986561640282838 
3.139999999999977 -0.99998858556715775 -0.014333827770593367 4.9999746345668754 
3.1499999999999768 -0.99968194123018661 0.075658095430768388 4.9992931819170794 
3.1599999999999766 -0.99847565062261512 0.1655819314530107 4.9966120786508714 
3.1699999999999764 -0.99637079932456774 0.25535675491339038 4.9919323971738079 
3.1799999999999762 -0.99336928156013971 0.34490177453041193 4.9852560092960871 
3.189999999999976 -0.98947379849272254 0.43413640583052748 4.976585585483841 
3.1999999999999758 -0.98468785579413964 0.52298034366872381 4.9659245937909917 
3.2099999999999755 -0.97901576048977845 0.6113536344977325 4.953277298472071 
3.2199999999999753 -0.97246261708255777 0.69917674832082555 4.9386487582765781 
3.2299999999999751 -0.96503432295922031 0.78637065026344455 4.922044824425547 
3.2399999999999749 -0.95673756308308233 0.87285687169925308 4.9034721382711357 
3.2499999999999747 -0.94757980397801767 0.95855758086660359 4.8829381286401716 
3.2599999999999745 -0.9375692870090907 1.04339565291187 4.860451008862726 
3.2699999999999743 -0.92671502096588398 1.1272947392966095 4.8360197734868846 
3.279999999999974 -0.91502677395519538 1.2101793365060942 4.8096541946810518 
3.2899999999999738 -0.90251506461040143 1.2919748539973781 4.7813648183252155 
3.2999999999999736 -0.8891911526253975 1.3726076813257508 4.7511629597927296 
3.3099999999999734 -0.87506702862163288 1.4520052543891695 4.7190606994243209 
3.3199999999999732 -0.86015540335736129 1.5300961207310522 4.6850708776961136 
3.329999999999973 -0.84446969628881607 1.6068100038426671 4.6492070900836069 
3.3399999999999728 -0.82802402349360549 1.6820778664072451 4.6114836816236675 
3.3499999999999726 -0.81083318496719547 1.7558319724289062 4.5719157411767082 
3.3599999999999723 -0.7929126513039132 1.828005948190484 4.5305190953913419 
3.3699999999999721 -0.77427854977445565 1.8985348419853905 4.4873103023739356 
3.3799999999999719 -0.75494764981243545 1.9673551825697675 4.4423066450655853 
3.3899999999999717 -0.73493734792302157 2.0344050362823229 4.3955261243291757 
3.3999999999999715 -0.71426565202725989 2.0996240627804443 4.3469874517492668 
3.4099999999999713 -0.69295116525615885 2.1629535693424362 4.2967100421477182 
3.4199999999999711 -0.67101306920912762 2.2243365636870061 4.2447140058180146 
3.4299999999999708 -0.64847110669183172 2.2837178052624711 4.1910201404814158 
3.4399999999999706 -0.62534556394899976 2.341043854959528 4.1356499229681472 
3.4499999999999704 -0.60165725240817292 2.3962631232028411 4.0786255006269565 
3.4599999999999702 -0.57742748995082493 2.4493259163781795 4.0199696824664626 
3.46999999999997 -0.5526780817277076 2.5001844815533176 3.9597059300318631 
3.4799999999999698 -0.52743130053568665 2.5487930494524478 3.8978583480206264 
3.4899999999999696 -0.50170986677372831 2.5951078756454402 3.8344516746409334 
3.4999999999999694 -0.47553692799607383 2.6390872799148788 3.7695112717167243 
3.5099999999999691 -0.44893603808100252 2.6806916837654411 3.7030631145433093 
3.5199999999999689 -0.42193113603393179 2.7198836460418745 3.6351337814975926 
3.5299999999999687 -0.39454652444392785 2.7566278966235096 3.5657504434070821 
3.5399999999999685 -0.36680684761301585 2.7908913681649841 3.4949408526819137 
3.5499999999999683 -0.3387370693779716 2.8226432258546259 3.4227333322142628 
3.5599999999999681 -0.31036245064455348 2.8518548951637008 3.3491567640495621 
3.5699999999999679 -0.28170852665439217 2.8785000875615596 3.2742405778340702 
3.5799999999999677 -0.25280108400499701 2.9025548241735395 3.1980147390434031 
3.5899999999999674 -0.22366613744355859 2.9239974573603367 3.1205097369967465 
3.5999999999999672 -0.19432990645543236 2.9428086901994166 3.0417565726615337 
3.609999999999967 -0.16481879166837143 2.9589715938509449 2.9617867462534693 
3.6199999999999668 -0.13515935109374366 2.9724716227925985 2.8806322446368671 
3.6299999999999666 -0.10537827622611406 2.9832966279095539 2.7983255285303281 
3.6399999999999664 -0.075502368022701188 2.991436867427872 2.7148995195228869 
3.6499999999999662 -0.045558512784324851 2.9968850156814368 2.630387586905814 
3.6599999999999659 -0.015573657959549974 2.9996361697045577 2.5448235343253458 
3.6699999999999657 0.014425212106198119 2.9996878536443123 2.4582415862616749 
3.6799999999999655 0.04441110045472324 2.997040020988643 2.3706763743396175 
3.6899999999999653 0.074357021810498469 2.9916950546082162 2.2821629234764211 
3.6999999999999651 0.10423602686559265 2.9836577646120004 2.192736637872267 
3.7099999999999649 0.13402122653222853 2.9729353840184913 2.1024332868490632 
3.7199999999999647 0.16368581614114683 2.9595375622464837 2.0112889905431897 
3.7299999999999645 0.19320309956399923 2.9434763564312472 1.9193402054579278 
3.7399999999999642 0.22254651323806202 2.9247662205739164 1.8266237098813445 
3.749999999999964 0.25168965007164956 2.9034239925338663 1.7331765891754667 
3.7599999999999638 0.28060628320871434 2.8794688788757759 1.6390362209426317 
3.7699999999999636 0.30927038963124714 2.8529224375850157 1.5442402600749447 
3.7799999999999634 0.33765617357823696 2.8238085586669173 1.4488266236928231 
3.7899999999999632 0.36573808976011429 2.7921534426473777 1.3528334759786556 
3.799999999999963 0.39349086634778802 2.7579855769941588 1.2562992129116355 
3.8099999999999627 0.42088952771558541 2.7213357104800879 1.1592624469098836 
3.8199999999999625 0.44790941691762959 2.6822368255112341 1.0617619913859944 
3.8299999999999623 0.4745262178774266 2.6407241084449744 0.9638368452221886 
3.8399999999999621 0.50071597727069272 2.596834917924645 0.86552617717128055 
3.8499999999999619 0.52645512608172984 2.550608751259281 0.76686931018969906 
3.8599999999999617 0.5517205008139483 2.5020872088787103 0.66790570570882979 
3.8699999999999615 0.57648936433545084 2.4513139568959685 0.56867494785096739 
3.8799999999999613 0.60073942634091626 2.398334687810749 0.4692167275961962 
3.889999999999961 0.62444886341136963 2.3431970793892347 0.36957082690652626 
3.8999999999999608 0.64759633865378663 2.2859507517573276 0.26977710281363898 
3.9099999999999606 0.67016102090285667 2.2266472227458864 0.16987547147660631 
3.9199999999999604 0.69212260346762611 2.1653398615281523 0.069905892215959123 
3.9299999999999602 0.7134613224061489 2.1020838405910984 -0.030091648469508309 
3.93999999999996 0.7341579743117006 2.0369360860839163 -0.1300771528968046 
3.9499999999999598 0.75419393359454856 1.9699552265883189 -0.23001062819728108 
3.9599999999999596 0.77355116924372469 1.9012015403567812 -0.32985210231324613 
3.9699999999999593 0.792212261053719 1.8307369010661767 -0.42956163998625529 
3.9799999999999591 0.81016041530148841 1.7586247221356461 -0.52909935873068203 
3.9899999999999589 0.82737947985967408 1.6849298996588011 -0.62842544478618056 
3.9999999999999587 0.84385395873242541 1.6097187540016196 -0.72750016904265902 
4.0099999999999589 0.85956902600075202 1.5330589701185882 -0.82628390293139753 
4.0199999999999587 0.87451053916484567 1.4550195366408309 -0.92473713427593118 
4.0299999999999585 0.88866505187138145 1.3756706837909696 -1.0228204830964183 
4.0399999999999583 0.90201982601432462 1.2950838201806816 -1.1204947173610915 
4.0499999999999581 0.91456284319836656 1.2133314685477663 -1.2177207686785507 
4.0599999999999579 0.92628281555467007 1.1304872004905753 -1.3144597479245987 
4.0699999999999577 0.93716919589918868 1.0466255702585399 -1.4106729607973736 
4.0799999999999574 0.94721218722442102 0.96182204765837809 -1.5063219232945513 
4.0899999999999572 0.95640275151605603 0.87615295013636463 -1.6013683771064358 
4.099999999999957 0.96473261788657561 0.78969537409777812 -1.6957743049187715 
4.1099999999999568 0.97219429001849555 0.70252712552534258 -1.7895019456191621 
4.1199999999999566 0.97878105291054474 0.61472664995909254 -1.8825138094010132 
4.1299999999999564 0.98448697892071357 0.52637296190068339 -1.9747726927589531 
4.1399999999999562 0.98930693310073137 0.4375455737056726 -2.0662416933697414 
4.1499999999999559 0.99323657781717312 0.34832442402776703 -2.1568842248527034 
4.1599999999999557 0.99627237665503721 0.25878980587942974 -2.2466640314037973 
4.1699999999999555 0.99841159760027987 0.16902229437358884 -2.3355452022974506 
4.1799999999999553 0.99965231549844336 0.079102674211474322 -2.4234921862503724 
4.1899999999999551 0.99999341378716533 -0.010888133018160197 -2.5104698056415931 
4.1999999999999549 0.99943458550100928 -0.10086914166300529 -2.5964432705830411 
4.2099999999999547 0.9979763335477132 -0.1907593748888165 -2.6813781928350378 
4.2199999999999545 0.99561997025560578 -0.2804779375530993 -2.7652405995611327 
4.2299999999999542 0.99236761619260028 -0.3699440890052772 -2.847996946916787 
4.239999999999954 0.98822219825782598 -0.45907731574782717 -2.9296141334664609 
4.2499999999999538 0.98318744704761707 -0.54779740389299336 -3.0100595134237489 
4.2599999999999536 0.97726789349822696 -0.63602451134987126 -3.0893009097092596 
4.2699999999999534 0.97046886480829242 -0.72367923967690106 -3.1673066268210159 
4.2799999999999532 0.96279647964471371 -0.8106827055351048 -3.2440454635122364 
4.289999999999953 0.95425764263626744 -0.89695661167776808 -3.319486725271414 
4.2999999999999527 0.94486003815990727 -0.98242331741267619 -3.3936002365997164 
4.3099999999999525 0.93461212342534228 -1.0670059084734977 -3.4663563530807791 
4.3199999999999523 0.92352312086412036 -1.1506282662374312 -3.5377259732380772 
4.3299999999999521 0.91160300983006137 -1.2332151362268291 -3.6076805501751319 
4.3399999999999519 0.89886251761851255 -1.3146921958331474 -3.6761921029938813 
4.3499999999999517 0.88531310981250688 -1.3949861212022769 -3.7432332279866753 
4.3599999999999515 0.87096697996451211 -1.4740246532210628 -3.8087771095973855 
4.3699999999999513 0.85583703862305682 -1.551736662545629 -3.8727975311472744 
4.379999999999951 0.83993690171410784 -1.6280522136129865 -3.9352688853213165 
4.3899999999999508 0.82328087828765628 -1.7029026275783203 -3.9961661844107823 
4.3999999999999506 0.805883957640538 -1.7762205441213128 -4.0554650703079895 
4.4099999999999504 0.7877617958270785 -1.8479399820658857 -4.1131418242492197 
4.4199999999999502 0.76893070156970067 -1.9179963987588065 -4.1691733763019103 
4.42999999999995 0.74940762158217555 -1.9863267481537172 -4.223537314592317 
4.4399999999999498 0.72921012531872331 -2.0528695375483235 -4.2762118942699665 
4.4499999999999496 0.70835638916269117 -2.1175648829236726 -4.3271760462053077 
4.4599999999999493 0.68686518006903441 -2.1803545628357321 -4.3764093854170776 
4.4699999999999491 0.6647558386753244 -2.2411820708107575 -4.4238922192260279 
4.4799999999999489 0.64204826189647957 -2.2999926661973049 -4.4696055551317304 
4.4899999999999487 0.61876288501888554 -2.3567334234291222 -4.5135311084093273 
4.4999999999999485 0.59492066331001625 -2.4113532796545871 -4.5556513094231725 
4.5099999999999483 0.570543053160108 -2.4638030806898263 -4.595949310654456 
4.5199999999999481 0.54565199277285659 -2.5140356252541638 -4.634408993439985 
4.5299999999999478 0.52026988242251404 -2.5620057074480864 -4.6710149744194345 
4.5399999999999476 0.49441956429515488 -2.6076701574355035 -4.7057526116884851 
4.5499999999999474 0.46812430193224952 -2.6509878802936835 -4.7386080106553923 
4.5599999999999472 0.44140775929504755 -2.6919198929959132 -4.7695680295986351 
4.569999999999947 0.41429397946860996 -2.7304293594935882 -4.7986202849234303 
4.5799999999999468 0.38680736302465535 -2.7664816238661722 -4.8257531561150078 
4.5899999999999466 0.3589726460626923 -2.800044241509184 -4.8509557903866565 
4.5999999999999464 0.3308148779491995 -2.8310870083321542 -4.8742181070206989 
4.6099999999999461 0.30235939877488688 -2.8595819879402655 -4.8955308014006418 
4.6199999999999459 0.27363181655032398 -2.8855035367752242 -4.9148853487328976 
4.6299999999999457 0.24465798416045931 -2.9088283271927313 -4.9322740074565914 
4.6399999999999455 0.21546397609876874 -2.9295353684557868 -4.9476898223400791 
4.6499999999999453 0.18607606500197138 -2.9476060256249372 -4.9611266272629493 
4.6599999999999451 0.15652069800642984 -2.9630240363284637 -4.9725790476823866 
4.6699999999999449 0.12682447294751267 -2.9757755253974163 -4.9820425027829218 
4.6799999999999446 0.097014114423337877 -2.9858490173523342 -4.9895132073086916 
4.6899999999999444 0.067116449744438339 -2.9932354467303974 -4.994988173077493 
4.6999999999999442 0.037158384790993267 -2.9979281662437347 -4.9984652101760183 
4.709999999999944 0.00716687979935203 -2.999922952761533 -4.9999429278357876 
4.7199999999999438 -0.022831074900358749 -2.9992180111105706 -4.9994207349894388 
4.7299999999999436 -0.052808483173710535 -2.9958139756907514 -4.9968988405071499 
4.7399999999999434 -0.082738367376671645 -2.9897139099041881 -4.9923782531130874 
4.7499999999999432 -0.11259379263366602 -2.9809233033983453 -4.9858607809819349 
4.7599999999999429 -0.1423478910771431 -2.9694500671257309 -4.9773490310156472 
4.7699999999999427 -0.17197388602684519 -2.9553045262245701 -4.9668464078007233 
4.7799999999999425 -0.20144511608701215 -2.9384994107268785 -4.9543571122464138 
4.7899999999999423 -0.23073505913983822 -2.9190498441022923 -4.93988613990442 
4.7999999999999421 -0.2598173562135877 -2.8969733296479681 -4.9234392789707355 
4.8099999999999419 -0.28866583520389044 -2.8722897347367944 -4.9050231079704441 
4.8199999999999417 -0.31725453442686896 -2.8450212729380979 -4.8846449931264004 
4.8299999999999415 -0.34555772598290202 -2.8151924840269325 -4.8623130854128389 
4.8399999999999412 -0.37354993890999721 -2.7828302118999346 -4.8380363172950878 
4.849999999999941 -0.40120598210593783 -2.7479635804176317 -4.8118243991567109 
4.8599999999999408 -0.42850096699857454 -2.7106239671949295 -4.7836878154154734 
4.8699999999999406 -0.4554103299438601 -2.6708449753633809 -4.7536378203297245 
4.8799999999999404 -0.48190985433147127 -2.6286624033306332 -4.7216864334968358 
4.8899999999999402 -0.50797569237812346 -2.5841142125642773 -4.687846435045528 
4.89999999999994 -0.53358438658896601 -2.5372404934290902 -4.6521313605239882 
4.9099999999999397 -0.55871289086774401 -2.4880834291084124 -4.6145554954858294 
4.9199999999999395 -0.58333859125672993 -2.4366872576421299 -4.5751338697760628 
4.9299999999999393 -0.60743932628775843 -2.3830982321154259 -4.5338822515193575 
4.9399999999999391 -0.63099340692605244 -2.3273645790341226 -4.490817140813002 
4.9499999999999389 -0.6539796360888902 -2.2695364549240855 -4.4459557631270847 
4.9599999999999387 -0.67637732772154924 -2.2096659011937314 -4.3993160624145364 
4.9699999999999385 -0.69816632541335888 -2.1478067973002766 -4.3509166939337884 
4.9799999999999383 -0.71932702053710962 -2.0840148122618616 -4.300777016786915 
4.989999999999938 -0.73984036989549429 -2.0183473545591908 -4.2489170861762569 
4.9999999999999378 -0.75968791285869997 -1.9508635204717759 -4.1953576453826003 
5.0099999999999376 -0.77885178797772858 -1.8816240408952738 -4.1401201174681468 
5.0199999999999374 -0.79731474905849575 -1.8106912266877784 -4.083226596707572 
5.0299999999999372 -0.81506018068224129 -1.7381289125942554 -4.0246998397506095 
5.039999999999937 -0.83207211315828467 -1.6640023997995796 -3.9645632565196958 
5.0499999999999368 -0.84833523689566837 -1.5883783971618766 -3.9028409008463125 
5.0599999999999365 -0.86383491618075658 -1.5113249611790533 -3.8395574608497762 
5.0699999999999363 -0.87855720234838974 -1.4329114347425436 -3.7747382490623171 
5.0799999999999361 -0.89248884633474157 -1.353208384733386 -3.7084091923044049 
5.0899999999999359 -0.90561731060058193 -1.272287538516794 -3.6405968213143676 
5.0999999999999357 -0.9179307804142165 -1.1902217193923694 -3.5713282601364487 
5.1099999999999355 -0.92941817448394715 -1.1070847810580475 -3.5006312152715502 
5.1199999999999353 -0.94006915493048693 -1.0229515411467547 -3.4285339645950041 
5.1299999999999351 -0.9498741365903538 -0.93789771389558718 -3.3550653460457962 
5.1399999999999348 -0.95882429564187011 -0.85199984200811019 -3.2802547460917788 
5.1499999999999346 -0.96691157754600709 -0.76533522777109009 -3.2041320879754709 
5.1599999999999344 -0.97412870429492637 -0.67798186348765399 -3.1267278197451649 
5.1699999999999342 -0.98046918096169511 -0.59001836128948193 -3.0480729020761088 
5.179999999999934 -0.98592730154528263 -0.50152388239119405 -2.9681987958866527 
5.1899999999999338 -0.99049815410557585 -0.41257806585060058 -2.8871374497542988 
5.1999999999999336 -0.99417762518379371 -0.32326095689892559 -2.8049212871366951 
5.2099999999999334 -0.99696240350432286 -0.23365293490550154 -2.7215831934026893 
5.2199999999999331 -0.99884998295464145 -0.14383464104176252 -2.6371565026786143 
5.2299999999999329 -0.99983866484065209 -0.053886905709632962 -2.5516749845150857 
5.2399999999999327 -0.99992755941539146 0.036109324200378254 -2.4651728303796308 
5.2499999999999325 -0.99911658667974257 0.12607305815591541 -2.3776846399805565 
5.2599999999999323 -0.99740647645442826 0.21592333486878837 -2.2892454074275297 
5.2699999999999321 -0.9947987677232224 0.30557929515466731 -2.1998905072343966 
5.2799999999999319 -0.99129580724796817 0.39496025470089069 -2.1096556801698525 
5.2899999999999316 -0.98690074745665035 0.48398577667690068 -2.0185770189616075 
5.2999999999999314 -0.98161754360642373 0.57257574412196133 -1.9266909538597794 
5.3099999999999312 -0.97545095022414774 0.6606504320450155 -1.8340342380652777 
5.319999999999931 -0.9684065168276339 0.74813057917179571 -1.7406439330290135 
5.3299999999999308 -0.96049058293145417 0.83493745927462037 -1.6465573936278144 
5.3399999999999306 -0.95171027234180605 0.92099295202068054 -1.5518122532229701 
5.3499999999999304 -0.94207348674556557 1.0062196132750916 -1.4564464086073903 
5.3599999999999302 -0.9315888985993066 1.0905407447953415 -1.3604980048473945 
5.3699999999999299 -0.92026594332467382 1.1738804632545574 -1.2640054200251913 
5.3799999999999297 -0.90811481081713663 1.2561637685313987 -1.1670072498881585 
5.3899999999999295 -0.89514643627577339 1.3373166112050823 -1.06954229241106 
5.3999999999999293 -0.88137249036233367 1.4172659591948442 -0.97164953227737094 
5.4099999999999291 -0.86680536869842806 1.4959398634839038 -0.87336812528592511 
5.4199999999999289 -0.85145818071030099 1.5732675228687396 -0.77473738268911818 
5.4299999999999287 -0.83534473783123586 1.6491793476753749 -0.67579675546892948 
5.4399999999999284 -0.81847954107220078 1.7236070223853686 -0.57658581855705671 
5.4499999999999282 -0.80087776797191446 1.7964835671151904 -0.47714425500546942 
5.459999999999928 -0.78255525893808109 1.8677433978936118 -0.37751184011371852 
5.4699999999999278 -0.76352850299209662 1.937322385682835 -0.27772842551934623 
5.4799999999999276 -0.74381462293004708 2.0051579140902813 -0.17783392325776248 
5.4899999999999274 -0.72343135991334373 2.0711889357191371 -0.077868289797963008 
5.4999999999999272 -0.70239705750287029 2.135356027106905 0.022128489939525629 
5.509999999999927 -0.68073064515102089 2.1976014422024921 0.12211641857608105 
5.5199999999999267 -0.6584516211664756 2.2578691643337443 0.22205550227340326 
5.5299999999999265 -0.63558003516703421 2.3161049566186858 0.32190576673051663 
5.5399999999999263 -0.612136470036308 2.3722564107750648 0.42162727317295751 
5.5499999999999261 -0.58814202340051847 2.4262729942842571 0.52118013432775123 
5.5599999999999259 -0.56361828864206398 2.4781060958671079 0.62052453037778965 
5.5699999999999257 -0.53858733546692783 2.5277090692308151 0.71962072488922713 
5.5799999999999255 -0.51307169004342601 2.5750372750474586 0.81842908070552389 
5.5899999999999253 -0.48709431473018228 2.6200481211263673 0.91691007580178074 
5.599999999999925 -0.4606785874115612 2.6627011007442043 1.0150243190930215 
5.6099999999999248 -0.43384828045914464 2.702957829098299 1.1127325661901024 
5.6199999999999246 -0.40662753933819534 2.740782077850386 1.2099957350969435 
5.6299999999999244 -0.37904086087837396 2.7761398077296522 1.3067749218428071 
5.6399999999999242 -0.35111307122825253 2.8089991991657772 1.4030314160433672 
5.649999999999924 -0.32286930351345039 2.839330680924407 1.4987267163843456 
5.6599999999999238 -0.29433497521851032 2.8671069567192764 1.5938225460215272 
5.6699999999999235 -0.26553576531288503 2.8923030297770156 1.6882808678909842 
5.6799999999999233 -0.23649759114160462 2.9148962253325532 1.782063899923396 
5.6899999999999231 -0.2072465851014087 2.9348662110348815 1.8751341301563738 
5.6999999999999229 -0.17780907112334637 2.9521950152448051 1.9674543317387441 
5.7099999999999227 -0.14821154098302178 2.9668670432081958 2.0589875778207936 
5.7199999999999225 -0.11848063045979138 2.9788690910902167 2.1496972563245165 
5.7299999999999223 -0.088643095366353314 2.9881903578578868 2.2395470845879575 
5.7399999999999221 -0.058725787470314969 2.9948224550002829 2.3285011238777931 
5.7499999999999218 -0.028755630329421546 2.9987594140776315 2.4165237937643451 
5.7599999999999216 0.0012404049378215414 2.9999976920924976 2.5035798863532794 
5.7699999999999214 0.031235323924341862 2.9985361746782502 2.5896345803682919 
5.7799999999999212 0.06120213322765139 2.9943761771019126 2.6746534550791585 
5.789999999999921 0.091113864742079637 2.987521443080511 2.7586025040695636 
5.7999999999999208 0.12094359992824137 2.9779781414119846 2.8414481488392171 
5.8099999999999206 0.15066449403791229 2.965754860423683 2.9231572522348062 
5.8199999999999203 0.18024980027249732 2.9508626002434482 3.0036971317044108 
5.8299999999999201 0.20967289385333715 2.9333147629002423 3.0830355723700951 
5.8399999999999199 0.2389072959822047 2.9131271402632328 3.1611408399134246 
5.8499999999999197 0.26792669767044353 2.8903178998301722 3.2379816932687704 
5.8599999999999195 0.29670498341528856 2.8649075683778698 3.3135273971193229 
5.8699999999999193 0.32521625470204879 2.8369190134894846 3.3877477341908042 
5.8799999999999191 0.35343485331101576 2.8063774229752467 3.4606130173379763 
5.8899999999999189 0.38133538440813647 2.7733102822051281 3.5320941014191054 
5.8999999999999186 0.40889273939865617 2.737747349373854 3.602162394953627 
5.9099999999999184 0.43608211852315221 2.6997206287205411 3.6707898715583589 
5.9199999999999182 0.46287905317563732 2.6592643417270554 3.7379490811576792 
5.929999999999918 0.48925942792366001 2.6164148963209781 3.8036131609631934 
5.9399999999999178 0.5151995022105722 2.5712108541109204 3.867755846218488 
5.9499999999999176 0.54067593172042094 2.5236928956836828 3.9303514807046862 
5.9599999999999174 0.56566578938625189 2.4739037839944902 3.9913750270025901 
5.9699999999999172 0.59014658602292769 2.421888325883204 4.0508020765073169 
5.9799999999999169 0.61409629056588233 2.3676933317511817 4.1086088591914152 
5.9899999999999167 0.63749334989758677 2.3113675734350818 4.1647722531125586 
5.9999999999999165 0.66031670824389344 2.2529617403155209 4.2192697936620132 
6.0099999999999163 0.68254582612281856 2.192528393700039 4.2720796825501832 
6.0199999999999161 0.70416069882869459 2.1301219195214536 4.3231807965256355 
6.0299999999999159 0.72514187443504841 2.0657984793942079 4.3725526958241208 
6.0399999999999157 0.74547047130001887 1.999615960072721 4.4201756323442005 
6.0499999999999154 0.76512819505856422 1.9316339213572054 4.4660305575462331 
6.0599999999999152 0.78409735508616074 1.8619135424938464 4.5100991300715272 
6.069999999999915 0.80236088041916576 1.7905175671176286 4.5523637230786465 
6.0799999999999148 0.81990233511752808 1.7175102467873147 4.5928074312939069 
6.0899999999999146 0.83670593305602992 1.642957283163365 4.6314140777732664 
6.0999999999999144 0.85275655213073764 1.566925768880858 4.6681682203728805 
6.1099999999999142 0.86803974786787008 1.489484127170666 4.7030551579257596 
6.119999999999914 0.88254176642284665 1.4107020502831822 4.7360609361220343 
6.1299999999999137 0.89624955695782316 1.330650436769985 4.7671723530904968 
6.1399999999999135 0.90915078338656785 1.249401327679905 4.7963769646791734 
6.1499999999999133 0.92123383547610316 1.1670278417269631 4.8236630894328201 
6.1599999999999131 0.93248783929512824 1.083604109488483 4.8490198132653433 
6.1699999999999129 0.94290266699982739 0.99920520669255608 4.8724369938252954 
6.1799999999999127 0.95246894594824749 0.91390708665493448 4.8939052645526786 
6.1899999999999125 0.96117806713504039 0.82778651192619068 4.9134160384254404 
6.1999999999999122 0.96902219293898495 0.74092098521062688 4.9309615113941723 
6.209999999999912 0.97599426417631929 0.65338867961904989 4.9465346655036244 
6.2199999999999118 0.98208800645353156 0.56526836831822869 4.9601292716997909 
6.2299999999999116 0.98729793581388814 0.47663935364038079 4.9717398923214526 
6.2399999999999114 0.9916193636726236 0.38758139571644779 4.9813618832751674 
6.2499999999999112 0.99504840103635228 0.2981746406973399 4.9889913958928442 
6.259999999999911 0.9975819620029005 0.20849954862778891 4.9946253784711629 
6.2699999999999108 0.99921776653840877 0.11863682103775962 4.9982615774922108 
6.2799999999999105 0.99995434252920834 0.028667328316541493 4.9998985385248602 
6.2899999999999103 0.99979102710662482 -0.061327963065164248 4.9995356068065258 
6.2999999999999101 0.9987279672435152 -0.15126806341962468 4.997172927505054 
6.3099999999999099 0.99676611962200179 -0.24107203272730604 4.9928114456606645 
6.3199999999999097 0.99390724977252309 -0.33065905347740687 4.9864529058079423 
6.3299999999999095 0.99015393048497624 -0.41994850339818407 4.9780998512780492 
6.3399999999999093 0.98550953949337849 -0.50886002801157648 4.9677556231814251 
6.3499999999999091 0.97997825643613423 -0.59731361294679042 4.9554243590713867 
6.3599999999999088 0.97356505909464541 -0.6852296559478116 4.9411109912891638 
6.3699999999999086 0.96627571891364228 -0.77252903851008359 4.9248212449910271 
6.3799999999999084 0.95811679580727138 -0.85913319708184244 4.9065616358583011 
6.3899999999999082 0.94909563225561644 -0.94496419376598895 4.8863394674911822 
6.399999999999908 0.93922034669696475 -1.0299447864589155 4.864162828487391 
6.4099999999999078 0.92849982622175853 -1.1139984983632065 4.8400405892068434 
6.4199999999999076 0.91694371857481083 -1.1970496868116136 4.8139823982236285 
6.4299999999999073 0.90456242347298876 -1.2790236113403299 4.7859986784666999 
6.4399999999999071 0.89136708324617286 -1.3598465009503438 4.75610062305085 
6.4499999999999069 0.87736957280991013 -1.4394456204963779 4.7243001907996085 
6.4599999999999067 0.86258248897878809 -1.5177493361436301 4.6906101014618775 
6.4699999999999065 0.8470191391301547 -1.5946871798333691 4.6550438306241952 
6.4799999999999063 0.83069352922838091 -1.6701899126994135 4.6176156043206875 
6.4899999999999061 0.81362035122043452 -1.7441895873784565 4.5783403933428382 
6.4999999999999059 0.79581496981411615 -1.8166196091581244 4.5372339072513768 
6.5099999999999056 0.77729340865086183 -1.8874147959077037 4.4943125880926607 
6.5199999999999054 0.75807233588555278 -1.9565114367376426 4.449593603822076 
6.5299999999999052 0.73816904918629678 -2.0238473493350697 4.4030948414370856 
6.539999999999905 0.71760146016768922 -2.0893619359236935 4.35483489982267 
6.5499999999999048 0.69638807827157356 -2.1529962377976934 4.3048330823120153 
6.5599999999999046 0.67454799410979871 -2.2146929883805617 4.2531093889654468 
6.5699999999999044 0.65210086228395137 -2.2743966647611722 4.1996845085706607 
6.5799999999999041 0.62906688369753627 -2.3320535376606673 4.1445798103674916 
6.5899999999999039 0.60546678737653148 -2.3876117197851663 4.0878173355005041 
6.5999999999999037 0.5813218118146698 -2.4410212125208144 4.0294197882028211 
6.6099999999999035 0.55665368586022301 -2.4922339509291769 3.9694105267147384 
6.6199999999999033 0.53148460916149876 -2.5412038470024481 3.9078135539407373 
6.6299999999999031 0.50583723218866095 -2.5878868311395369 3.8446535078486455 
6.6399999999999029 0.47973463584984222 -2.6322408918057203 3.7799556516147783 
6.6499999999999027 0.45320031071987821 -2.6742261133402039 3.7137458635190015 
6.6599999999999024 0.42625813590036971 -2.713804711877529 3.6460506265937687 
6.6699999999999022 0.39893235753010858 -2.7509410693504917 3.576897018031258 
6.679999999999902 0.37124756696519673 -2.7856017655439902 3.5063126983528603 
6.6899999999999018 0.3432286786484785 -2.817755608170974 3.4343259003453337 
6.6999999999999016 0.31490090768821744 -2.8473736609434015 3.3609654177680701 
6.7099999999999014 0.28628974716620725 -2.8744292696129405 3.2862605938359746 
6.7199999999999012 0.25742094519572567 -2.898898085957982 3.2102413094825684 
6.729999999999901 0.22832048174996392 -2.92075808969541 3.1329379714080159 
6.7399999999999007 0.19901454528179738 -2.9399896082973687 3.054381499916849 
6.7499999999999005 0.16952950915595258 -2.9565753346952071 2.9746033165502594 
6.7599999999999003 0.13989190791476597 -2.9705003428546677 2.8936353315178991 
6.7699999999999001 0.11012841339888009 -2.9817521012083161 2.8115099309342213 
6.7799999999998999 0.080265810744380148 -2.9903204839331061 2.7282599638644687 
6.7899999999998997 0.050330974277986426 -2.9961977800629347 2.6439187291854855 
6.7999999999998995 0.020350843331981346 -2.9993787004279895 2.5585199622666073 
6.8099999999998992 -0.0096476019993782455 -2.9998603824146475 2.4720978214759675 
6.819999999999899 -0.039637365140131997 -2.9976423925416338 2.3846868745176018 
6.8299999999998988 -0.069591457327705067 -2.9927267268501239 2.2963220846048307 
6.8399999999998986 -0.099482921900965651 -2.9851178091074422 2.207038796475437 
6.8499999999998984 -0.12928485855940761 -2.9748224868259729 2.1168727222542447 
6.8599999999998982 -0.15897044757161224 -2.9618500251008544 2.0258599271687441 
6.869999999999898 -0.18851297391118929 -2.9462120982720226 1.9340368151234815 
6.8799999999998978 -0.21788585129849022 -2.927922779418096 1.8414401141389833 
6.8899999999998975 -0.24706264612647283 -2.9069985276915546 1.7481068616610371 
6.8999999999998973 -0.27601710124917 -2.8834581735066056 1.6540743897462071 
6.9099999999998971 -0.30472315961134172 -2.857322901593085 1.5593803101295098 
6.9199999999998969 -0.3331549876980594 -2.8286162319316408 1.4640624991802211 
6.9299999999998967 -0.36128699878313258 -2.7973639985873291 1.3681590827518333 
6.9399999999998965 -0.38909387595544176 -2.7635943264606952 1.2717084209322227 
6.9499999999998963 -0.41655059490244312 -2.7273376059772625 1.1747490927001254 
6.959999999999896 -0.44363244643035382 -2.6886264657382166 1.0773198804940605 
6.9699999999998958 -0.4703150587007659 -2.6474957431568527 0.97945975469987157 
6.9799999999998956 -0.49657441916366146 -2.6039824531072497 0.88120785806309199 
6.9899999999998954 -0.52238689616708056 -2.5581257546133878 0.78260349003236851 
6.9999999999998952 -0.54772926022400692 -2.5099669156086817 0.68368609104020628 
7.009999999999895 -0.57257870491734464 -2.4595492757976181 0.58449522672732079 
7.0199999999998948 -0.59691286742415994 -2.4069182076529327 0.4850705721169104 
7.0299999999998946 -0.62070984864070622 -2.3521210755834581 0.38545189574517458 
7.0399999999998943 -0.6439482328901337 -2.2952071933093681 0.28567904375443065 
7.0499999999998941 -0.66660710719515903 -2.2362277794831447 0.1857919239551882 
7.0599999999998939 -0.68866608009833874 -2.175235911596233 0.08583048986355632 
7.0699999999998937 -0.71010530001299843 -2.1122864782128974 -0.014165275279629738 
7.0799999999998935 -0.73090547308831622 -2.0474361295742298 -0.11415537450157176 
7.0899999999998933 -0.75104788057249139 -1.9807432266167457 -0.21409981309576454 
7.0999999999998931 -0.77051439565836266 -1.9122677884514641 -0.3139586146193451 
7.1099999999998929 -0.78928749979630508 -1.8420714383507713 -0.41369183688313693 
7.1199999999998926 -0.80735029845973871 -1.7702173482916543 -0.5132595879279932 
7.1299999999998924 -0.82468653634906697 -1.6967701821051704 -0.61262204198104819 
7.1399999999998922 -0.8412806120203522 -1.6217960372833431 -0.71173945538549588 
7.149999999999892 -0.85711759192555892 -1.5453623854959004 -0.81057218249752205 
7.1599999999998918 -0.87218322385173441 -1.4675380118703432 -0.90908069154403426 
7.1699999999998916 -0.88646394974704301 -1.3883929530899557 -1.0072255804348431 
7.1799999999998914 -0.89994691792210102 -1.3079984343655007 -1.1049675925229736 
7.1899999999998911 -0.91261999461562526 -1.2264268053373526 -1.2022676323067996 
7.1999999999998909 -0.92447177491399701 -1.1437514749657267 -1.2990867810677242 
7.2099999999998907 -0.93549159301491769 -1.0600468454675505 -1.3953863124371479 
7.2199999999998905 -0.94566953182591318 -0.97538824535946866 -1.4911277078864995 
7.2299999999998903 -0.95499643188904504 -0.88985186166728492 -1.5862726721341345 
7.2399999999998901 -0.96346389962380197 -0.80351467136279919 -1.6807831484629356 
7.2499999999998899 -0.97106431488075884 -0.71645437208971074 -1.7746213339424952 
7.2599999999998897 -0.97779083779919806 -0.62874931224096087 -1.8677496945497802 
7.2699999999998894 -0.98363741496252033 -0.54047842045048888 -1.9601309801822422 
7.2799999999998892 -0.98859878484590991 -0.45172113456281054 -2.0517282395573626 
7.289999999999889 -0.99267048255135382 -0.36255733014429803 -2.1425048349926721 
7.2999999999998888 -0.99584884382574901 -0.27306724860054132 -2.2324244570603344 
7.3099999999998886 -0.9981310083584819 -0.18333142496451987 -2.3214511391104358 
7.3199999999998884 -0.99951492235551387 -0.093430615420530272 -2.4095492716571618 
7.3299999999998882 -0.99999934038765914 -0.0034457246290501998 -2.4966836166221205 
7.3399999999998879 -0.99958382651138622 0.08654226708201658 -2.5828193214291013 
7.3499999999998877 -0.99826875466113707 0.17645237659414797 -2.6679219329446417 
7.3599999999998875 -0.9960553083128123 0.26620369087752271 -2.7519574112588234 
7.3699999999998873 -0.99294547941872269 0.35571543980730724 -2.8348921433007774 
7.3799999999998871 -0.98894206661496564 0.44490706885133707 -2.9166929562834691 
7.3899999999998869 -0.98404867270284146 0.53369831156373748 -2.9973271309723684 
7.3999999999998867 -0.97826970140657743 0.62200926181928584 -3.0767624147727082 
7.4099999999998865 -0.97161035341027213 0.7097604457235519 -3.1549670346300895 
7.4199999999998862 -0.96407662167762909 0.79687289313405996 -3.2319097097392864 
7.429999999999886 -0.95567528605869501 0.88326820872806411 -3.3075596640561415 
7.4399999999998858 -0.94641390718845464 0.96886864255302851 -3.381886638607583 
7.4499999999998856 -0.93630081968276813 1.0535971599963565 -3.4548609035948008 
7.4599999999998854 -0.92534512463777663 1.1373775111113629 -3.5264532702847795 
7.4699999999998852 -0.91355668143953195 1.2201342992370576 -3.5966351026853935 
7.479999999999885 -0.90094609889121768 1.3017930488500338 -3.6653783289994295 
7.4899999999998847 -0.88752472566594021 1.3822802725874297 -3.7326554528529252 
7.4999999999998845 -0.87330464009368525 1.4615235373806164 -3.7984395642933553 
7.5099999999998843 -0.85829863929163908 1.5394515296400493 -3.8627043505532539 
7.5199999999998841 -0.84252022764765044 1.6159941194326668 -3.9254241065749689 
7.5299999999998839 -0.82598360466719023 1.6910824235941169 -3.9865737452923442 
7.5399999999998837 -0.80870365219475049 1.7646488677189716 -4.0461288076652115 
7.5499999999998835 -0.79069592102119213 1.8366272469731133 -4.1040654724626773 
7.5599999999998833 -0.77197661688908836 1.906952785673599 -4.1603605657912999 
7.569999999999883 -0.752562585908645 1.9755621955824219 -4.2149915703643428 
7.5799999999998828 -0.73247129939733469 2.0423937328616688 -4.2679366345083771 
7.5899999999998826 -0.7117208381568938 2.1073872536387892 -4.3191745809036703 
7.5999999999998824 -0.69032987620182695 2.1704842681320065 -4.3686849150548301 
7.6099999999998822 -0.6683176639540499 2.2316279932871907 -4.4164478334883235 
7.619999999999882 -0.64570401091880325 2.2907634038787879 -4.462444231673607 
7.6299999999998818 -0.62250926785744021 2.3478372820287916 -4.5066557116646848 
7.6399999999998816 -0.5987543084731205 2.4027982650992312 -4.5490645894590385 
7.6499999999998813 -0.57446051062588122 2.4555968919150932 -4.5896539020709941 
7.6599999999998811 -0.54964973709399989 2.5061856472760495 -4.6284074143166904 
7.6699999999998809 -0.52434431589897523 2.5545190047169197 -4.6653096253079376 
7.6799999999998807 -0.49856702021182103 2.6005534674784041 -4.7003457746523587 
7.6899999999998805 -0.47234104785874359 2.6442476076512458 -4.7335018483573617 
7.6999999999998803 -0.44569000044465756 2.6855621034585608 -4.7647645844355377 
7.7099999999998801 -0.41863786211334075 2.7244597746427717 -4.7941214782092878 
7.7199999999998798 -0.39120897796332982 2.760905615925322 -4.8215607873125208 
7.7299999999998796 -0.36342803213896901 2.7948668285090736 -4.8470715363874497 
7.7399999999998794 -0.33532002561633945 2.8263128495950189 -4.8706435214745811 
7.7499999999998792 -0.30691025370407454 2.8552153798867268 -4.8922673140941715 
7.759999999999879 -0.2782242832792966 2.8815484090577925 -4.9119342650174849 
7.7699999999998788 -0.24928792977914641 2.9052882391593862 -4.929636507726376 
7.7799999999998786 -0.22012723396862549 2.9264135059468099 -4.9453669615597864 
7.7899999999998784 -0.19076843850567191 2.9449051981058689 -4.9591193345459201 
7.7999999999998781 -0.16123796432454648 2.9607466743617707 -4.970888125918945 
7.8099999999998779 -0.13156238685876862 2.9739236784551504 -4.9806686283192274 
7.8199999999998777 -0.10176841212501254 2.984424351971747 -4.9884569296762109 
7.8299999999998775 -0.071882852689502189 2.9922392450141704 -4.9942499147731967 
7.8399999999998773 -0.041932603538518264 2.997361324706171 -4.9980452664933841 
7.8499999999998771 -0.011944617874719057 2.9997859815217556 -4.9998414667466893 
7.8599999999998769 0.018054117138929876 2.9995110334334503 -4.9996377970769599 
7.8699999999998766 0.048036604665773676 2.9965367278759754 -4.9974343389493487 
7.8799999999998764 0.077975862490791817 2.9908657415235735 -4.9932319737177275 
7.8899999999998762 0.10784494730277754 2.9825031778811821 -4.9870323822721572 
7.899999999999876 0.13761697894150632 2.9714565626916234 -4.9788380443665572 
7.9099999999998758 0.16726516458805868 2.9577358371629416 -4.9686522376268325 
7.9199999999998756 0.19676282287654168 2.9413533490219925 -4.9564790362398705 
7.9299999999998754 0.22608340790552442 2.9223238414023207 -4.9423233093239185 
7.9399999999998752 0.25520053312756441 2.9006644395763295 -4.9261907189810019 
7.9499999999998749 0.2840879950953123 2.8763946355436927 -4.9080877180321609 
7.9599999999998747 0.31271979704283881 2.8495362704898795 -4.8880215474364039 
7.9699999999998745 0.34107017228097641 2.820113515130557 -4.8660002333944243 
7.9799999999998743 0.36911360738560717 2.788152847959569 -4.8420325841382255 
7.9899999999998741 0.39682486515801524 2.7536830314200849 -4.8161281864079442 
7.9999999999998739 0.42417900733665592 2.7167350860203507 -4.7882974016172861 
8.0099999999998737 0.45115141703991446 2.6773422624173202 -4.7585513617090953 
8.0199999999998735 0.47771782091964421 2.6355400114932954 -4.7269019647027282 
8.0299999999998732 0.50385431100553502 2.5913659524525356 -4.6933618699349973 
8.039999999999873 0.52953736622066649 2.5448598389665231 -4.6579444929966165 
8.0499999999998728 0.55474387354889632 2.4960635233983322 -4.6206640003661361 
8.0599999999998726 0.57945114883502025 2.4450209191383161 -4.581535303743542 
8.0699999999998724 0.60363695719897481 2.3917779610850305 -4.5405740540857726 
8.0799999999998722 0.62727953304572259 2.3363825643069376 -4.4977966353465497 
8.089999999999872 0.65035759965282469 2.2788845809220675 -4.4532201579230088 
8.0999999999998717 0.67285038831806032 2.2193357552344617 -4.4068624518117776 
8.1099999999998715 0.69473765704985102 2.1577896771678078 -4.3587420594772039 
8.1199999999998713 0.71599970878368191 2.0943017340381362 -4.3088782284346259 
8.1299999999998711 0.73661740910813545 2.0289290607089643 -4.2572909035516169 
8.1399999999998709 0.75657220348457532 1.9617304881737574 -4.2040007190703097 
8.1499999999998707 0.77584613394497315 1.8927664906120221 -4.149028990353969 
8.1599999999998705 0.79442185525286346 1.8220991309666406 -4.0923977053611367 
8.1699999999998703 0.8122826505128905 1.7497920050913995 -4.0341295158507346 
8.17999999999987 0.82941244621489019 1.6759101845189939 -3.9742477283216693 
8.1899999999998698 0.84579582669895903 1.6005201579010557 -3.9127762946905387 
8.1999999999998696 0.8614180480285043 1.5236897711728763 -3.849739802711186 
8.2099999999998694 0.87626505125879617 1.4454881664966246 -3.7851634661399296 
8.2199999999998692 0.89032347508907184 1.3659857200380503 -3.7190731146503895 
8.229999999999869 0.90358066788680058 1.2852539786327026 -3.6514951835019707 
8.2399999999998688 0.91602469907329642 1.2033655953986262 -3.5824567029661036 
8.2499999999998685 0.9276443698604373 1.1203942643534417 -3.511985287514503 
8.2599999999998683 0.93842922332882039 1.0364146540946833 -3.440109124773743 
8.2699999999998681 0.94836955383828114 0.95150234060312022 -3.3668569642505837 
8.2799999999998679 0.95745641576231177 0.86573373922949548 -3.292258105832552 
8.2899999999998677 0.9656816315385246 0.77918603592584879 -3.2163423880683761 
8.2999999999998675 0.97303779902790766 0.69193711778334854 -3.1391401762329667 
8.3099999999998673 0.97951829817624736 0.60406550293918726 -3.0606823501817084 
8.3199999999998671 0.98511729697173012 0.51565026991557894 -2.9810002919989316 
8.3299999999998668 0.98982975669336037 0.42677098645440603 -2.9001258734454956 
8.3399999999998666 0.99365143644547105 0.33750763791160171 -2.8180914432105109 
8.3499999999998664 0.99657889697424096 0.24794055527574843 -2.7349298139722933 
8.3599999999998662 0.99860950376279156 0.1581503428756324 -2.6506742492737323 
8.369999999999866 0.99974142940207489 0.068217805841766843 -2.565358450217313 
8.3799999999998658 0.99997365523541848 -0.021776122612792534 -2.4790165419851307 
8.3899999999998656 0.99930597227524709 -0.11175045402685525 -2.3916830601892674 
8.3999999999998654 0.99773898139115735 -0.20162421757522309 -2.3033929370580108 
8.4099999999998651 0.99527409276917689 -0.29131653293698911 -2.2141814874634274 
8.4199999999998649 0.99191352464269 -0.3807466830823879 -2.1240843947958847 
8.4299999999998647 0.98766030129617866 -0.46983418691265322 -2.0331376966911714 
8.4399999999998645 0.9825182503435711 -0.55849887168755341 -1.941377770615923 
8.4499999999998643 0.97649199928364727 -0.64666094517546713 -1.84884131931712 
8.4599999999998641 0.9695869713356009 -0.73424106746102735 -1.7555653561414788 
8.4699999999998639 0.96180938055850895 -0.82116042234566833 -1.6615871902306076 
8.4799999999998636 0.95316622625909975 -0.90734078827686371 -1.5669444115978441 
8.4899999999998634 0.94366528669284855 -0.99270460874226596 -1.4716748760927554 
8.4999999999998632 0.93331511206406992 -1.0771750620653511 -1.3758166902592996 
8.509999999999863 0.92212501683131265 -1.1606761305397226 -1.2794081960937183 
8.5199999999998628 0.91010507132497831 -1.2431326688398969 -1.1824879557082475 
8.5299999999998626 0.89726609268470248 -1.3244704716470435 -1.0850947359067895 
8.5399999999998624 0.88361963512465491 -1.4046163404287828 -0.98726749267870573 
8.5499999999998622 0.86917797953552944 -1.4834981493129042 -0.88904535561694154 
8.5599999999998619 0.85395412243257562 -1.5610449099957653 -0.79046761226671081 
8.5699999999998617 0.83796176425960844 -1.6371868356269912 -0.69157369241100075 
8.5799999999998615 0.82121529705952989 -1.7118554036129494 -0.59240315229918616 
8.5899999999998613 0.80372979152246526 -1.7849834172824379 -0.49299565882505525 
8.5999999999998611 0.78552098342316401 -1.8565050663591383 -0.39339097366058201 
8.6099999999998609 0.7666052594598598 -1.9263559861864397 -0.29362893735178763 
8.6199999999998607 0.74699964250734441 -1.9944733156513017 -0.19374945338305288 
8.6299999999998604 0.72672177629753332 -2.0607957537549959 -0.093792472216256487 
8.6399999999998602 0.70578990954130261 -2.1252636147798509 0.0062020246888767816 
8.64999999999986 0.68422287950587712 -2.1878188820023867 0.10619404086682707 
8.6599999999998598 0.66204009506255523 -2.248405259904465 0.20614358084433226 
8.6699999999998596 0.63926151922004015 -2.3069682248354386 0.30601066613804417 
8.6799999999998594 0.61590765115908519 -2.3634550740797438 0.4057553512453887 
8.6899999999998592 0.59199950778460908 -2.4178149732858025 0.50533773962223427 
8.699999999999859 0.5675586048118948 -2.4699990022135188 0.60471799964097772 
8.7099999999998587 0.54260693740390353 -2.51996019875918 0.70385638052266386 
8.7199999999998585 0.51716696037711829 -2.5676536012181685 0.80271322823676761 
8.7299999999998583 0.49126156799371917 -2.6130362887474741 0.90124900136227704 
8.7399999999998581 0.46491407335828694 -2.6560674199915648 0.99942428690373453 
8.7499999999998579 0.4381481874375876 -2.696708269836841 1.0971998160559102 
8.7599999999998577 0.41098799772230976 -2.7349222642616118 1.1945364799107991 
8.7699999999998575 0.38345794654994275 -2.7706750132502571 1.291395345100665 
8.7799999999998573 0.35558280910831574 -2.8039343417419307 1.3877376693708652 
8.789999999999857 0.32738767113960748 -2.8346703185859301 1.4835249170762395 
8.7999999999998568 0.29889790636487845 -2.8628552834777086 1.5787187745948514 
8.8099999999998566 0.27013915364942781 -2.8884638718512887 1.6732811656529287 
8.8199999999998564 0.24113729392953862 -2.9114730377056652 1.7671742665548629 
8.8299999999998562 0.21191842692138843 -2.9318620743446435 1.8603605213121845 
8.839999999999856 0.18250884763307365 -2.9496126330114651 1.9528026566654577 
8.8499999999998558 0.15293502270087025 -2.9647087394014542 2.0444636969930863 
8.8599999999998555 0.12322356657104043 -2.9771368080378187 2.1353069791010699 
8.8699999999998553 0.093401217548634383 -2.9868856544976565 2.2252961668877935 
8.8799999999998551 0.063494813734827613 -2.9939465054771794 2.3143952658779821 
8.8899999999998549 0.033531268874434382 -2.9983130066870993 2.402568637620011 
8.8999999999998547 0.0035375481353469261 -2.9999812285710572 2.4897810139408141 
8.9099999999998545 -0.026459356158288559 -2.9989496698419598 2.5759975110526785 
8.9199999999998543 -0.056432448817334543 -2.9952192588330342 2.661183643506297 
8.9299999999998541 -0.086354756081517409 -2.9887933526623942 2.7453053379844885 
8.9399999999998538 -0.11619934989399809 -2.9796777342118577 2.8283289469310691 
8.9499999999998536 -0.14593937213479852 -2.9678806069227424 2.9102212620094274 
8.9599999999998534 -0.17554805879128971 -2.9534125874133279 2.990949527385415 
8.9699999999998532 -0.20499876404400375 -2.9362866959246126 3.0704814528292435 
8.979999999999853 -0.23426498424607967 -2.916518344602971 3.1487852266311473 
8.9899999999998528 -0.26332038177474965 -2.8941253236302673 3.225829528325642 
8.9999999999998526 -0.29213880873341486 -2.869127785213895 3.3015835412192933 
9.0099999999998523 -0.32069433048299467 -2.8415482254511488 3.376016964716984 
9.0199999999998521 -0.34896124898135772 -2.8114114640842489 3.4491000264417475 
9.0299999999998519 -0.37691412590981854 -2.7787446221642496 3.5208034941433213 
9.0399999999998517 -0.40452780556590079 -2.7435770976439375 3.5910986873906579 
9.0499999999998515 -0.43177743750177822 -2.7059405389216487 3.659957489043717 
9.0599999999998513 -0.45863849888800678 -2.6658688163598376 3.72735235649994 
9.0699999999998511 -0.48508681658240932 -2.6233979918040449 3.7932563327109325 
9.0799999999998509 -0.5110985888842654 -2.5785662861296808 3.8576430569649176 
9.0899999999998506 -0.53665040695424249 -2.5314140448458078 3.9204867754306716 
9.0999999999998504 -0.56171927588077653 -2.4819837017868958 3.981762351458713 
9.1099999999998502 -0.58628263537393455 -2.4303197409252442 4.0414452756356285 
9.11999999999985 -0.61031838006814665 -2.376468656338421 4.0995116755875074 
9.1299999999998498 -0.63380487941554942 -2.3204789103677212 4.1559383255285791 
9.1399999999998496 -0.65672099715202414 -2.2624008900053192 4.2107026555512119 
9.1499999999998494 -0.67904611031840234 -2.2022868615493838 4.2637827606535774 
9.1599999999998492 -0.70076012781973129 -2.1401909235679577 4.3151574095013601 
9.1699999999998489 -0.72184350850590939 -2.0761689582138807 4.3648060529200077 
9.1799999999998487 -0.74227727875740768 -2.0102785809346129 4.4127088321141255 
9.1899999999998485 -0.76204304956023972 -1.9425790886222289 4.4588465866107301 
9.1999999999998483 -0.78112303305483044 -1.87313140625024 4.5032008619231858 
9.2099999999998481 -0.79950005854389239 -1.8019980320452109 4.5457539169327505 
9.2199999999998479 -0.81715758794490012 -1.7292429812425598 4.5864887309847866 
9.2299999999998477 -0.83407973067324193 -1.6549317284771812 4.6253890106967956 
9.2399999999998474 -0.85025125794267054 -1.5791311488607138 4.6624391964755576 
9.2499999999998472 -0.86565761647018713 -1.5019094577984351 4.6976244687407567 
9.259999999999847 -0.88028494157301684 -1.4233361495999857 4.7309307538526175 
9.2699999999998468 -0.89412006964588364 -1.3434819349391947 4.762344729741173 
9.2799999999998466 -0.90715055000736311 -1.2624186772192685 4.7918538312349144 
9.2899999999998464 -0.91936465610465978 -1.1802193279005588 4.819446255086695 
9.2999999999998462 -0.93075139606671486 -1.0969578608491537 4.845110964694868 
9.309999999999846 -0.94130052259614583 -1.0127092057654088 4.8688376945177803 
9.3199999999998457 -0.95100254219111935 -0.92754918075229542 4.8906169541798565 
9.3299999999998455 -0.95984872368886565 -0.84155442408420678 4.9104400322676174 
9.3399999999998453 -0.96783110612313727 -0.75480232523766189 4.9282989998141327 
9.3499999999998451 -0.97494250588853881 -0.66737095524602141 4.9441867134704989 
9.3599999999998449 -0.98117652320528559 -0.57933899644084752 4.9580968183630878 
9.3699999999998447 -0.98652754787857544 -0.49078567164309644 4.9700237506354075 
9.3799999999998445 -0.99099076434738653 -0.40179067286790571 4.9799627396735735 
9.3899999999998442 -0.99456215601815523 -0.31243408960718 4.9879098100144876 
9.399999999999844 -0.99723850887943921 -0.22279633675447627 4.9938617829359737 
9.4099999999998438 -0.99901741439431135 -0.13295808223700575 4.9978162777282211 
9.4199999999998436 -0.99989727166788134 -0.043000174419923209 4.999771712646039 
9.4299999999998434 -0.99987728888799132 0.046996430651723188 4.9997273055415334 
9.4399999999998432 -0.99895748403779439 0.13695074210794694 4.997683074176952 
9.449999999999843 -0.99713868487957091 0.22678180714016072 4.9936398362175876 
9.4599999999998428 -0.99442252820979815 0.3164087838532611 4.9875992089047108 
9.4699999999998425 -0.99081145838614304 0.40575101401785629 4.9795636084087098 
9.4799999999998423 -0.98630872512770751 0.49472809565720721 4.9695362488626413 
9.4899999999998421 -0.98091838059049929 0.58325995540360087 4.9575211410766276 
9.4999999999998419 -0.9746452757207642 0.67126692055899728 4.9435230909335832 
9.5099999999998417 -0.96749505588946216 0.75866979079505881 4.9275476974669283 
9.5199999999998415 -0.95947415581181661 0.84538990942807923 4.9096013506210472 
9.5299999999998413 -0.9505897937565041 0.9313492342047115 4.8896912286953951 
9.5399999999998411 -0.94084996504969709 1.0164704075347468 4.8678252954732795 
9.5499999999998408 -0.93026343487981156 1.1006768261077051 4.8440122970364472 
9.5599999999998406 -0.91883973040943223 1.1838927098306233 4.8182617582667682 
9.5699999999998404 -0.90658913220150716 1.2660431700250447 4.790583979036418 
9.5799999999998402 -0.8935226649675313 1.3470542768217943 4.7609900300880534 
9.58999999999984 -0.87965208764605374 1.4268531256928494 4.7294917486066748 
9.5999999999998398 -0.86498988282042932 1.5053679030604779 4.6961017334849027 
9.6099999999998396 -0.84954924548533384 1.5825279509246277 4.6608333402835918 
9.6199999999998393 -0.83334407117215537 1.6582638304503778 4.6237006758897836 
9.6299999999998391 -0.8163889434439574 1.732507384458182 4.5847185928741396 
9.6399999999998389 -0.79869912077126037 1.805191798760714 4.5439026835501126 
9.6499999999998387 -0.78029052280044464 1.8762516622911436 4.5012692737372264 
9.6599999999998385 -0.76117971602713874 1.9456230259686995 4.4568354162309687 
9.6699999999998383 -0.74138389888749578 2.0132434602485065 4.4106188839818996 
9.6799999999998381 -0.72092088628076589 2.0790521113039464 4.3626381629867046 
9.6899999999998379 -0.69980909353708565 2.1429897557910125 4.3129124448940486 
9.6999999999998376 -0.67806751984491898 2.2049988541453356 4.2614616193281671 
9.7099999999998374 -0.6557157311530738 2.2650236023638937 4.2083062659332864 
9.7199999999998372 -0.63277384256267477 2.3230099822248302 4.1534676461420332 
9.729999999999837 -0.60926250022492523 2.3789058099002274 4.0969676946711537 
9.7399999999998368 -0.58520286276095845 2.4326607829180396 4.0388290107479135 
9.7499999999998366 -0.56061658222051203 2.484226525430909 3.97907484907071 
9.7599999999998364 -0.5355257845965512 2.5335566317511504 3.9177291105075018 
9.7699999999998361 -0.50995304991336265 2.5806067081127519 3.8548163325357825 
9.7799999999998359 -0.48392139190605027 2.6253344126227804 3.7903616794279147 
9.7899999999998357 -0.45745423730973345 2.6676994933662099 3.7243909321857576 
9.7999999999998355 -0.43057540477707246 2.7076638246299227 3.6569304782286105 
9.8099999999998353 -0.40330908344308325 2.7451914412132901 3.5880073008385942 
9.8199999999998351 -0.37567981115654181 2.7802485707944289 3.5176489683677019 
9.8299999999998349 -0.34771245239758269 2.8128036643230061 3.4458836232108241 
9.8399999999998347 -0.3194321759013522 2.8428274244122429 3.3727399705491647 
9.8499999999998344 -0.29086443200783885 2.8702928317046008 3.2982472668685512 
9.8599999999998342 -0.26203492975827869 2.8951751691873784 3.2224353082572348 
9.869999999999834 -0.23296961375875977 2.9174520444363514 3.1453344184878471 
9.8799999999998338 -0.20369464083183514 2.9371034097674373 3.0669754368882973 
9.8899999999998336 -0.17423635647714114 2.9541115802782629 2.9873897060064527 
9.8999999999998334 -0.14462127116221896 2.9684612497633882 2.9066090590735372 
9.9099999999998332 -0.11487603646489024 2.980139504488851 2.8246658072712627 
9.919999999999833 -0.085027421088642932 2.9891358348136561 2.7415927268077889 
9.9299999999998327 -0.055102286772598152 2.9954421446477433 2.6574230458076742 
9.9399999999998325 -0.025127564117750807 2.9990527587379279 2.5721904310210713 
9.9499999999998323 0.0048697716487463641 2.9999644277752364 2.4859289743574751 
9.9599999999998321 0.034862724949459384 2.9981763313190712 2.3986731792494136 
9.9699999999998319 0.064824304150877685 2.9936900785355505 2.3104579468515354 
9.9799999999998317 0.094727545854069464 2.9865097067493664 2.2213185620806115 
9.9899999999998315 0.12454553915991365 2.9766416778104645 2.1312906795020412 
9.9999999999998312 0.15425144988708561 2.9640948722788192 2.0404103090685006 
